<?xml version="1.0"?>
<opencv_storage>
<M1 type_id="opencv-matrix">
  <rows>3</rows>
  <cols>3</cols>
  <dt>d</dt>
  <data>
    6.1341201039395787e+02 0. 3.0209938964412993e+02 0.
    6.1184020653638584e+02 2.4467500754639738e+02 0. 0. 1.</data></M1>
<D1 type_id="opencv-matrix">
  <rows>8</rows>
  <cols>1</cols>
  <dt>d</dt>
  <data>
    7.4136957281850310e-02 -6.2560670788085093e-01 0. 0.
    1.1017581963492589e+00 0. 0. 4.4054147487303909e-03</data></D1>
<M2 type_id="opencv-matrix">
  <rows>3</rows>
  <cols>3</cols>
  <dt>d</dt>
  <data>
    6.0929043046840241e+02 0. 3.6071422147181551e+02 0.
    6.1148219292807198e+02 2.4750015026349271e+02 0. 0. 1.</data></M2>
<D2 type_id="opencv-matrix">
  <rows>8</rows>
  <cols>1</cols>
  <dt>d</dt>
  <data>
    -2.1973974801518595e-01 2.5270372330477325e-01 0. 0.
    -4.0185714457691318e-01 0. 0. -1.8132372258950358e-01</data></D2>
<R type_id="opencv-matrix">
  <rows>3</rows>
  <cols>3</cols>
  <dt>d</dt>
  <data>
    9.9989076268532517e-01 -1.0298484721164092e-03
    -1.4744562003782097e-02 1.1526984575488909e-03
    9.9996467544907908e-01 8.3258116891965026e-03 1.4735466834303540e-02
    -8.3418982337640762e-03 9.9985662909790862e-01</data></R>
<T type_id="opencv-matrix">
  <rows>3</rows>
  <cols>1</cols>
  <dt>d</dt>
  <data>
    -2.6920184453858661e+02 -3.5483285109793483e+00
    -4.9768846245524436e+00</data></T>
<R1 type_id="opencv-matrix">
  <rows>3</rows>
  <cols>3</cols>
  <dt>d</dt>
  <data>
    9.9992066951842629e-01 1.1993295545249021e-02 3.8490949308140014e-03
    -1.2009395164129496e-02 9.9991911759480523e-01
    4.1872062545278898e-03 -3.7985652046387047e-03
    -4.2330993834876580e-03 9.9998382575519473e-01</data></R1>
<R2 type_id="opencv-matrix">
  <rows>3</rows>
  <cols>3</cols>
  <dt>d</dt>
  <data>
    9.9974233637364152e-01 1.3177525740462635e-02 1.8482794094297279e-02
    -1.3099586987788271e-02 9.9990481458051628e-01
    -4.3315816341211923e-03 -1.8538114330268723e-02
    4.0883485740738556e-03 9.9981979562469891e-01</data></R2>
<P1 type_id="opencv-matrix">
  <rows>3</rows>
  <cols>4</cols>
  <dt>d</dt>
  <data>
    5.1334734139931356e+02 0. 3.2710087585449219e+02 0. 0.
    5.1334734139931356e+02 2.4587077713012695e+02 0. 0. 0. 1. 0.</data></P1>
<P2 type_id="opencv-matrix">
  <rows>3</rows>
  <cols>4</cols>
  <dt>d</dt>
  <data>
    5.1334734139931356e+02 0. 3.2710087585449219e+02
    -1.3822966795118942e+05 0. 5.1334734139931356e+02
    2.4587077713012695e+02 0. 0. 0. 1. 0.</data></P2>
<Q type_id="opencv-matrix">
  <rows>4</rows>
  <cols>4</cols>
  <dt>d</dt>
  <data>
    1. 0. 0. -3.2710087585449219e+02 0. 1. 0. -2.4587077713012695e+02 0.
    0. 0. 5.1334734139931356e+02 0. 0. 3.7137276606971437e-03 0.</data></Q>
<validROI type_id="opencv-matrix">
  <rows>2</rows>
  <cols>4</cols>
  <dt>i</dt>
  <data>
    79 47 528 395 17 30 567 414</data></validROI>
</opencv_storage>
