%YAML:1.0
M1: !!opencv-matrix
   rows: 3
   cols: 3
   dt: d
   data: [ 5.8891779269826941e+02, 0., 3.1331129651137985e+02, 0.,
       5.8714471183455521e+02, 2.3773313687364427e+02, 0., 0., 1. ]
D1: !!opencv-matrix
   rows: 8
   cols: 1
   dt: d
   data: [ 1.4939495094724444e-02, -2.2911803076055229e-01, 0., 0.,
       7.3514687511862825e-02, 0., 0., -4.1067609283798900e-01 ]
M2: !!opencv-matrix
   rows: 3
   cols: 3
   dt: d
   data: [ 5.9386737771481728e+02, 0., 3.6902889611547539e+02, 0.,
       5.9589786885003537e+02, 2.4192156988987992e+02, 0., 0., 1. ]
D2: !!opencv-matrix
   rows: 8
   cols: 1
   dt: d
   data: [ -2.0153763555759582e-01, 2.2197101149367246e-01, 0., 0.,
       -3.1713139653612338e-01, 0., 0., -2.9240453032866170e-01 ]
R: !!opencv-matrix
   rows: 3
   cols: 3
   dt: d
   data: [ 9.9989840498136362e-01, -5.5444539208091925e-04,
       -1.4243324964072324e-02, 6.4509349390499298e-04,
       9.9997956408402189e-01, 6.3604456379733922e-03,
       1.4239507368904555e-02, -6.3689877246461656e-03,
       9.9987832881068794e-01 ]
T: !!opencv-matrix
   rows: 3
   cols: 1
   dt: d
   data: [ -2.5093663359045033e+02, -6.8738535736086135e+00,
       5.4857674164921832e+01 ]
R1: !!opencv-matrix
   rows: 3
   cols: 3
   dt: d
   data: [ 9.7345662978000391e-01, 2.7568927278539979e-02,
       -2.2720507077542726e-01, -2.6815556896354200e-02,
       9.9961989510324589e-01, 6.4024387630064209e-03,
       2.2729521738412076e-01, -1.3986595809043021e-04,
       9.7382589028625588e-01 ]
R2: !!opencv-matrix
   rows: 3
   cols: 3
   dt: d
   data: [ 9.7657860162740662e-01, 2.6751208919388852e-02,
       -2.1349146977059830e-01, -2.7458259229888371e-02,
       9.9962289077747279e-01, -3.4674739058753639e-04,
       2.1340168425652906e-01, 6.2007302021488990e-03,
       9.7694486645943168e-01 ]
P1: !!opencv-matrix
   rows: 3
   cols: 4
   dt: d
   data: [ 4.6058825789073046e+02, 0., 5.0554644203186035e+02, 0., 0.,
       4.6058825789073046e+02, 2.3684620666503906e+02, 0., 0., 0., 1.,
       0. ]
P2: !!opencv-matrix
   rows: 3
   cols: 4
   dt: d
   data: [ 4.6058825789073046e+02, 0., 5.0554644203186035e+02,
       -1.1835039874290288e+05, 0., 4.6058825789073046e+02,
       2.3684620666503906e+02, 0., 0., 0., 1., 0. ]
Q: !!opencv-matrix
   rows: 4
   cols: 4
   dt: d
   data: [ 1., 0., 0., -5.0554644203186035e+02, 0., 1., 0.,
       -2.3684620666503906e+02, 0., 0., 0., 4.6058825789073046e+02, 0.,
       0., 3.8917338917571712e-03, 0. ]
vroi: !!opencv-matrix
   rows: 2
   cols: 4
   dt: i
   data: [ 111, 65, 519, 340, 45, 49, 564, 360 ]
