%YAML:1.0
M1: !!opencv-matrix
   rows: 3
   cols: 3
   dt: d
   data: [ 1., 0., 1.5655746872243298e-27, 0., 1.,
       9.9103359380824520e-28, 0., 0., 1. ]
D1: !!opencv-matrix
   rows: 1
   cols: 8
   dt: d
   data: [ 1.5455195702260136e-19, 2.4301050606956981e-14, 0., 0., 0.,
       0., 0., 7.5457533204972759e-20 ]
M2: !!opencv-matrix
   rows: 3
   cols: 3
   dt: d
   data: [ 1., 0., 1.2751298588963484e-26, 0., 1.,
       8.0775611871940863e-27, 0., 0., 1. ]
D2: !!opencv-matrix
   rows: 1
   cols: 8
   dt: d
   data: [ 1.1884803070967419e-18, 1.7931019849949647e-13, 0., 0., 0.,
       0., 0., 3.1574152363107986e-19 ]
R: !!opencv-matrix
   rows: 3
   cols: 3
   dt: d
   data: [ 9.9997570900462707e-01, -6.9699911258725997e-03,
       -2.4987969650511207e-05, 6.9699898892565055e-03,
       9.9997570811320369e-01, -4.9238607980381899e-05,
       2.5330555306254277e-05, 4.9063246029766419e-05,
       9.9999999847558041e-01 ]
T: !!opencv-matrix
   rows: 3
   cols: 1
   dt: d
   data: [ 8.9418252514651897e+00, 4.9763275404512086e-01,
       -2.8642647566612389e-03 ]
R1: !!opencv-matrix
   rows: 3
   cols: 3
   dt: d
   data: [ 9.9881798480253736e-01, 4.8605683515237245e-02,
       -3.4751261111439429e-04, -4.8605691725472008e-02,
       9.9881804474108904e-01, -1.5214342470779695e-05,
       3.4636236324112253e-04, 3.2087449733299937e-05,
       9.9999993950175270e-01 ]
R2: !!opencv-matrix
   rows: 3
   cols: 3
   dt: d
   data: [ 9.9845495002035589e-01, 5.5566271157805026e-02,
       -3.1982724377092013e-04, -5.5566263572881421e-02,
       9.9845500113546160e-01, 3.2559703858139556e-05,
       3.2114233237584479e-04, -1.4737792563193160e-05,
       9.9999994832519856e-01 ]
P1: !!opencv-matrix
   rows: 3
   cols: 4
   dt: d
   data: [ 9.2627471995121469e-01, 0., 4.4838862151693320e+01, 0., 0.,
       9.2627471995121469e-01, 3.5399019218929766e+01, 0., 0., 0., 1.,
       0. ]
P2: !!opencv-matrix
   rows: 3
   cols: 4
   dt: d
   data: [ 9.2627471995121469e-01, 0., 4.4838862151693320e+01,
       8.2954034936526249e+00, 0., 9.2627471995121469e-01,
       3.5399019218929766e+01, 0., 0., 0., 1., 0. ]
Q: !!opencv-matrix
   rows: 4
   cols: 4
   dt: d
   data: [ 1., 0., 0., -4.4838862151693320e+01, 0., 1., 0.,
       -3.5399019218929766e+01, 0., 0., 0., 9.2627471995121469e-01, 0.,
       0., -1.1166120137012867e-01, 0. ]
vroi: !!opencv-matrix
   rows: 2
   cols: 4
   dt: i
   data: [ 67, 36, 463, 338, 70, 36, 462, 346 ]
