<?xml version="1.0"?>
<opencv_storage>
<apertureWidth>0.</apertureWidth>
<apertureHeight>0.</apertureHeight>
<fovx>5.5099595414763087e+01</fovx>
<fovy>4.2836110629604647e+01</fovy>
<focalLength>6.1341201039395787e+02</focalLength>
<principalPoint>
  3.0209938964412993e+02 2.4530357218893698e+02</principalPoint>
<aspectRatio>9.9743760501760870e-01</aspectRatio>
</opencv_storage>
